1e-07 0.0508155857786 0.0767262867888 0.0635960117199 0.0255061879564 0.112115712599 0.00965364936371 0.0881947785018 0.0278020728561 0.000524773691346 0.0261949534263 0.018869987318
1e-07 0.114859380223 0.0471279186363 0.17008069522 0.0360979802321 0.0967626414554 0.0147543331901 0.0667764885642 0.274650241131 0.000143245953302 0.0291744258225 0.149572649573
1e-07 0.0436399206929 0.205225430851 0.303033968456 0.023997223201 0.0433033389956 0.0134790451598 0.0364191914677 0.2116204831 0.000657386127575 0.0967987925132 0.0218252194355
1e-07 0.0162097693895 0.260566384316 0.02160722214 0.0145731224264 0.457860693486 0.030765480678 0.0704628751012 0.0418563755234 0.000539745275052 0.00236791475507 0.0831904169097
1e-07 0.0417906528969 0.0430596884299 0.0980658148083 0.0146595483984 0.092158235603 0.00564502012953 0.0131279537896 0.652896901803 0.000131279537896 0.0171100997724 0.0213548048311
1e-07 0.018283873936 0.632371750633 0.00990108120543 0.00204278812974 0.0064320220842 0.00985507246377 0.0102967563837 0.0650195537152 0.00146307798482 0.00124223602484 0.24309178744
1e-07 0.0318913190095 0.464399267752 0.171114750939 0.00953849118412 0.0373831775701 0.0510646497736 0.0176317564313 0.078234897389 9.63483957992e-05 0.0656132575393 0.0730320840158
1e-07 0.0628613305105 0.0148196400945 0.0665526694352 0.0266536384116 0.0234237168526 0.00135710989876 0.0146839291046 0.758515864615 8.14265939256e-05 0.0198138045219 0.0112368699617
1e-07 0.112288681026 0.10558082325 0.183650848136 0.0698675591407 0.174811922538 0.00981864469807 0.061143053291 0.198840069796 0.000357561715152 0.0214894590806 0.0621513773277
1e-07 0.0185365853659 0.0926829268293 0.0731707317073 0.0126829268293 0.0409756097561 0.00390243902439 0.019512195122 0.08 0.601951219512 0.049756097561 0.00682926829268
1e-07 0.0941955025845 0.248905277714 0.0806637474072 0.0256477792776 0.152372172653 0.0199190070128 0.0683831034142 0.196819543674 0.000658479570671 0.000428011720936 0.112007374971
1e-07 0.0151842459535 0.690319651858 0.0977427131273 0.0209292132369 0.0108168185091 0.00765473842397 0.00767039228578 0.0256723333646 0.000641808334116 0.0483234714004 0.0750446135062
